 1.5 0.7312962953159197 0.8 1.2885275255071567 0.8134277329664357 0.14861185491379958 1.303521008321963 -0.12130774039486741 0.0 0.11822680361703533 0.0 0.47440077925971225 0.5182842509564012 -0.2566891035071854 0.608178037756377 0.35893451749409194 0.0 0.3899940968272056 0.0 -0.47780989380951144 0.24270423695796095 -0.18908232546500875 -0.41523438096692955 9.928731905256681 6.775948898411767
 1.5 0.8208022403265742 0.8 1.211908876254487 1.0550102425011816 0.48147977152389976 1.1725752384758752 -0.16304904320515085 0.0 0.19877357578117757 0.0 0.5639337184840845 0.30433565925251727 -0.4107273190026892 0.6152312593352015 0.008468417707390874 0.0 0.4393253878650023 0.0 -0.24033984585099538 0.08558272951943358 -0.17549813023539146 -0.0538270824169525 6.15018392048311 8.08414644271131
 1.5 0.9393337036789112 0.8 0.6223093736426681 0.5651223946205619 0.2812019399589217 0.9507924340992664 -0.23503430986228663 0.0 0.3731659273574952 0.0 0.18549134201415982 0.2603706159868469 -0.5147605001094137 0.48142904910074324 0.024495440768965704 0.0 0.1032122184360934 0.0 -0.20212222762567428 0.35847265395675787 -0.3301420131721685 -0.10164255638921782 4.537021220020872 9.956251854277308
 1.5 0.9393337036789112 0.8 0.6223093736426681 0.5651223946205619 0.2812019399589217 0.9507924340992664 -0.23503430986228663 0.0 0.3731659273574952 0.0 0.18549134201415982 0.2603706159868469 -0.5147605001094137 0.48142904910074324 0.024495440768965704 0.0 0.1032122184360934 0.0 -0.20212222762567428 0.35847265395675787 -0.3301420131721685 -0.10164255638921782 4.537021220020872 9.956251854277308
 1.5 0.5991042585154874 0.8 0.5048941525893577 0.6551837930398567 1.0351058728456746 1.497064934168824 -0.5403637034372687 0.0 0.2753712359852287 0.0 0.23211110155234302 0.7302854979063091 -0.5286318906970201 0.5755920454728358 0.12376814803659059 0.0 0.26850379277306463 0.0 -0.2517817356361203 0.08558272951943358 -0.3407174596990221 -0.44784249100273943 16.33614221902071 0.4946096117648535
 1.5 0.5991042585154874 0.8 0.5048941525893577 0.6551837930398567 1.0351058728456746 1.497064934168824 -0.5403637034372687 0.0 0.2753712359852287 0.0 0.23211110155234302 0.7302854979063091 -0.5286318906970201 0.5755920454728358 0.12376814803659059 0.0 0.26850379277306463 0.0 -0.2517817356361203 0.08558272951943358 -0.3407174596990221 -0.44784249100273943 16.33614221902071 0.4946096117648535
 1.5 0.5991042585154874 0.8 0.5048941525893577 0.6551837930398567 1.0351058728456746 1.497064934168824 -0.5403637034372687 0.0 0.2753712359852287 0.0 0.23211110155234302 0.7302854979063091 -0.5286318906970201 0.5755920454728358 0.12376814803659059 0.0 0.26850379277306463 0.0 -0.2517817356361203 0.08558272951943358 -0.3407174596990221 -0.44784249100273943 16.33614221902071 0.4946096117648535
 1.5 0.5991042585154874 0.8 0.5048941525893577 0.6551837930398567 1.0351058728456746 1.497064934168824 -0.5403637034372687 0.0 0.2753712359852287 0.0 0.23211110155234302 0.7302854979063091 -0.5286318906970201 0.5755920454728358 0.12376814803659059 0.0 0.26850379277306463 0.0 -0.2517817356361203 0.08558272951943358 -0.3407174596990221 -0.44784249100273943 16.33614221902071 0.4946096117648535
 1.5 0.5991042585154874 0.8 0.5048941525893577 0.6551837930398567 1.0351058728456746 1.497064934168824 -0.5403637034372687 0.0 0.2753712359852287 0.0 0.23211110155234302 0.7302854979063091 -0.5286318906970201 0.5755920454728358 0.12376814803659059 0.0 0.26850379277306463 0.0 -0.2517817356361203 0.08558272951943358 -0.3407174596990221 -0.44784249100273943 16.33614221902071 0.4946096117648535
 1.5 0.5991042585154874 0.8 0.5048941525893577 0.6551837930398567 1.0351058728456746 1.497064934168824 -0.5403637034372687 0.0 0.2753712359852287 0.0 0.23211110155234302 0.7302854979063091 -0.5286318906970201 0.5755920454728358 0.12376814803659059 0.0 0.26850379277306463 0.0 -0.2517817356361203 0.08558272951943358 -0.3407174596990221 -0.44784249100273943 16.33614221902071 0.4946096117648535
 1.5 0.6354836953312238 0.8 0.11679498520631632 0.6853648073057357 1.3893958962211284 0.1627471554713168 -0.2784691588907821 0.0 0.11822680361703533 0.0 0.4192222540906705 0.5182842509564012 -0.5852954650577546 0.7280382500190057 0.3330420207096055 0.0 0.3325308848953034 0.0 -0.4480729472920087 0.4990418832270681 -0.06779513767905798 -0.4467632654175114 9.928731905256681 1.1593891162654948
 1.5 0.6354836953312238 0.8 0.11679498520631632 0.6853648073057357 1.3893958962211284 0.1627471554713168 -0.2784691588907821 0.0 0.11822680361703533 0.0 0.4192222540906705 0.5182842509564012 -0.5852954650577546 0.7280382500190057 0.3330420207096055 0.0 0.3325308848953034 0.0 -0.4480729472920087 0.4990418832270681 -0.06779513767905798 -0.4467632654175114 9.928731905256681 1.1593891162654948
 1.5 0.6354836953312238 0.8 0.11679498520631632 0.6853648073057357 1.3893958962211284 0.1627471554713168 -0.2784691588907821 0.0 0.11822680361703533 0.0 0.4192222540906705 0.5182842509564012 -0.5852954650577546 0.7280382500190057 0.3330420207096055 0.0 0.3325308848953034 0.0 -0.4480729472920087 0.4990418832270681 -0.06779513767905798 -0.4467632654175114 9.928731905256681 1.1593891162654948
 1.5 0.6354836953312238 0.8 0.11679498520631632 0.6853648073057357 1.3893958962211284 0.1627471554713168 -0.2784691588907821 0.0 0.11822680361703533 0.0 0.4192222540906705 0.5182842509564012 -0.5852954650577546 0.7280382500190057 0.3330420207096055 0.0 0.3325308848953034 0.0 -0.4480729472920087 0.4990418832270681 -0.06779513767905798 -0.4467632654175114 9.928731905256681 1.1593891162654948
 1.5 0.6354836953312238 0.8 0.11679498520631632 0.6853648073057357 1.3893958962211284 0.1627471554713168 -0.2784691588907821 0.0 0.11822680361703533 0.0 0.4192222540906705 0.5182842509564012 -0.5852954650577546 0.7280382500190057 0.3330420207096055 0.0 0.3325308848953034 0.0 -0.4480729472920087 0.4990418832270681 -0.06779513767905798 -0.4467632654175114 9.928731905256681 1.1593891162654948
 1.5 0.6354836953312238 0.8 1.1223162243043574 0.6340047591221974 1.3893958962211284 1.0228970709996388 -0.43073789078214275 0.0 0.15487865413467408 0.0 0.4192222540906705 0.23288832939624798 -0.5852954650577546 0.39655203093639446 0.279449261737336 0.0 0.4607238892100759 0.0 -0.4480729472920087 0.09683398101061341 -0.1873228749309811 -0.12807336607358222 9.928731905256681 0.8076077922702669
 1.5 0.6354836953312238 0.8 1.1223162243043574 0.6340047591221974 1.3893958962211284 1.0228970709996388 -0.43073789078214275 0.0 0.15487865413467408 0.0 0.4192222540906705 0.23288832939624798 -0.5852954650577546 0.39655203093639446 0.279449261737336 0.0 0.4607238892100759 0.0 -0.4480729472920087 0.09683398101061341 -0.1873228749309811 -0.12807336607358222 9.928731905256681 0.8076077922702669
 1.5 0.6354836953312238 0.8 1.1223162243043574 0.6340047591221974 1.3893958962211284 1.0228970709996388 -0.43073789078214275 0.0 0.15487865413467408 0.0 0.4192222540906705 0.23288832939624798 -0.5852954650577546 0.39655203093639446 0.279449261737336 0.0 0.4607238892100759 0.0 -0.4480729472920087 0.09683398101061341 -0.1873228749309811 -0.12807336607358222 9.928731905256681 0.8076077922702669
 1.5 0.6354836953312238 0.8 1.1223162243043574 0.6340047591221974 1.3893958962211284 1.0228970709996388 -0.43073789078214275 0.0 0.15487865413467408 0.0 0.4192222540906705 0.23288832939624798 -0.5852954650577546 0.39655203093639446 0.279449261737336 0.0 0.4607238892100759 0.0 -0.4480729472920087 0.09683398101061341 -0.1873228749309811 -0.12807336607358222 9.928731905256681 0.8076077922702669
 1.5 0.6354836953312238 0.8 1.1223162243043574 0.6340047591221974 1.3893958962211284 1.0228970709996388 -0.43073789078214275 0.0 0.15487865413467408 0.0 0.4192222540906705 0.23288832939624798 -0.5852954650577546 0.39655203093639446 0.279449261737336 0.0 0.4607238892100759 0.0 -0.4480729472920087 0.09683398101061341 -0.1873228749309811 -0.12807336607358222 9.928731905256681 0.8076077922702669
 1.5 0.692599023773794 0.8 0.8250177488537673 1.3605774090002671 0.2812019399589217 0.8073458423485449 -0.5290782293547506 0.0 0.3731659273574952 0.0 0.449168804684399 0.2603706159868469 -0.5852954650577546 0.39655203093639446 0.35393993537532403 0.0 0.28540469623166465 0.0 -0.4480729472920087 0.2800020657946967 -0.1873228749309811 -0.12807336607358222 9.928731905256681 0.4773091120681629
 1.5 0.692599023773794 0.8 0.8250177488537673 1.3605774090002671 0.2812019399589217 0.8073458423485449 -0.5290782293547506 0.0 0.3731659273574952 0.0 0.449168804684399 0.2603706159868469 -0.5852954650577546 0.39655203093639446 0.35393993537532403 0.0 0.28540469623166465 0.0 -0.4480729472920087 0.2800020657946967 -0.1873228749309811 -0.12807336607358222 9.928731905256681 0.4773091120681629
 1.5 0.692599023773794 0.8 0.8250177488537673 1.3605774090002671 0.2812019399589217 0.8073458423485449 -0.5290782293547506 0.0 0.3731659273574952 0.0 0.449168804684399 0.2603706159868469 -0.5852954650577546 0.39655203093639446 0.35393993537532403 0.0 0.28540469623166465 0.0 -0.4480729472920087 0.2800020657946967 -0.1873228749309811 -0.12807336607358222 9.928731905256681 0.4773091120681629
 1.5 0.692599023773794 0.8 0.8250177488537673 1.3605774090002671 0.2812019399589217 0.8073458423485449 -0.5290782293547506 0.0 0.3731659273574952 0.0 0.449168804684399 0.2603706159868469 -0.5852954650577546 0.39655203093639446 0.35393993537532403 0.0 0.28540469623166465 0.0 -0.4480729472920087 0.2800020657946967 -0.1873228749309811 -0.12807336607358222 9.928731905256681 0.4773091120681629
 1.5 0.692599023773794 0.8 0.8250177488537673 1.3605774090002671 0.2812019399589217 0.8073458423485449 -0.5290782293547506 0.0 0.3731659273574952 0.0 0.449168804684399 0.2603706159868469 -0.5852954650577546 0.39655203093639446 0.35393993537532403 0.0 0.28540469623166465 0.0 -0.4480729472920087 0.2800020657946967 -0.1873228749309811 -0.12807336607358222 9.928731905256681 0.4773091120681629
 1.5 0.5991042585154874 0.8 0.5048941525893577 0.034917763056209083 0.9238829305468929 1.497064934168824 -0.15650883693715623 0.0 0.2753712359852287 0.0 0.23211110155234302 0.43129888569798597 -0.5927189793023924 0.3405641228296996 0.3024246026313242 0.0 0.26850379277306463 0.0 -0.032266391698623 0.28163524453941835 -0.1873228749309811 -0.44784249100273943 16.33614221902071 1.061451009018235
 1.5 0.5991042585154874 0.8 0.5048941525893577 0.034917763056209083 0.9238829305468929 1.497064934168824 -0.15650883693715623 0.0 0.2753712359852287 0.0 0.23211110155234302 0.43129888569798597 -0.5927189793023924 0.3405641228296996 0.3024246026313242 0.0 0.26850379277306463 0.0 -0.032266391698623 0.28163524453941835 -0.1873228749309811 -0.44784249100273943 16.33614221902071 1.061451009018235
 1.5 0.5991042585154874 0.8 1.3734453101515636 0.034917763056209083 1.0351058728456746 1.497064934168824 -0.5948731879957213 0.0 0.15288586741788276 0.0 0.10653868518133688 0.23288832939624798 -0.5286318906970201 0.5920559948476001 0.12376814803659059 0.0 0.26850379277306463 0.0 -0.2535487915690623 0.08558272951943358 -0.3407174596990221 -0.27182823870991274 13.924016350351735 0.4946096117648535
 1.5 0.5991042585154874 0.8 1.3734453101515636 0.034917763056209083 1.0351058728456746 1.497064934168824 -0.5948731879957213 0.0 0.15288586741788276 0.0 0.10653868518133688 0.23288832939624798 -0.5286318906970201 0.5920559948476001 0.12376814803659059 0.0 0.26850379277306463 0.0 -0.2535487915690623 0.08558272951943358 -0.3407174596990221 -0.27182823870991274 13.924016350351735 0.4946096117648535
 1.5 0.5991042585154874 0.8 1.3734453101515636 0.034917763056209083 1.0351058728456746 1.497064934168824 -0.5948731879957213 0.0 0.15288586741788276 0.0 0.10653868518133688 0.23288832939624798 -0.5286318906970201 0.5920559948476001 0.12376814803659059 0.0 0.26850379277306463 0.0 -0.2535487915690623 0.08558272951943358 -0.3407174596990221 -0.27182823870991274 13.924016350351735 0.4946096117648535
 1.5 0.5991042585154874 0.8 1.3734453101515636 0.034917763056209083 1.0351058728456746 1.497064934168824 -0.5948731879957213 0.0 0.15288586741788276 0.0 0.10653868518133688 0.23288832939624798 -0.5286318906970201 0.5920559948476001 0.12376814803659059 0.0 0.26850379277306463 0.0 -0.2535487915690623 0.08558272951943358 -0.3407174596990221 -0.27182823870991274 13.924016350351735 0.4946096117648535
 1.5 0.43601441036326033 0.8 0.5048941525893577 1.0137217043370517 0.9238829305468929 1.497064934168824 -0.17835073521263112 0.0 0.3098913947149914 0.0 0.23211110155234302 0.43129888569798597 -0.5484985924791406 0.22488693450942243 0.12376814803659059 0.0 0.1387199866599863 0.0 -0.2517817356361203 0.28163524453941835 -0.13167254467309347 -0.44784249100273943 16.33614221902071 1.061451009018235
 1.5 0.43601441036326033 0.8 0.5048941525893577 1.0137217043370517 0.9238829305468929 1.497064934168824 -0.17835073521263112 0.0 0.3098913947149914 0.0 0.23211110155234302 0.43129888569798597 -0.5484985924791406 0.22488693450942243 0.12376814803659059 0.0 0.1387199866599863 0.0 -0.2517817356361203 0.28163524453941835 -0.13167254467309347 -0.44784249100273943 16.33614221902071 1.061451009018235
 1.5 0.43601441036326033 0.8 0.5048941525893577 1.0137217043370517 0.9238829305468929 1.497064934168824 -0.17835073521263112 0.0 0.3098913947149914 0.0 0.23211110155234302 0.43129888569798597 -0.5484985924791406 0.22488693450942243 0.12376814803659059 0.0 0.1387199866599863 0.0 -0.2517817356361203 0.28163524453941835 -0.13167254467309347 -0.44784249100273943 16.33614221902071 1.061451009018235
 1.5 0.43601441036326033 0.8 0.5048941525893577 1.0137217043370517 0.9238829305468929 1.497064934168824 -0.17835073521263112 0.0 0.3098913947149914 0.0 0.23211110155234302 0.43129888569798597 -0.5484985924791406 0.22488693450942243 0.12376814803659059 0.0 0.1387199866599863 0.0 -0.2517817356361203 0.28163524453941835 -0.13167254467309347 -0.44784249100273943 16.33614221902071 1.061451009018235
 1.5 0.43601441036326033 0.8 0.5048941525893577 1.0137217043370517 0.9238829305468929 1.497064934168824 -0.17835073521263112 0.0 0.3098913947149914 0.0 0.23211110155234302 0.43129888569798597 -0.5484985924791406 0.22488693450942243 0.12376814803659059 0.0 0.1387199866599863 0.0 -0.2517817356361203 0.28163524453941835 -0.13167254467309347 -0.44784249100273943 16.33614221902071 1.061451009018235
 1.5 0.43601441036326033 0.8 0.5048941525893577 1.0137217043370517 0.9238829305468929 1.497064934168824 -0.17835073521263112 0.0 0.3098913947149914 0.0 0.23211110155234302 0.43129888569798597 -0.5484985924791406 0.22488693450942243 0.12376814803659059 0.0 0.1387199866599863 0.0 -0.2517817356361203 0.28163524453941835 -0.13167254467309347 -0.44784249100273943 16.33614221902071 1.061451009018235
 1.5 0.43601441036326033 0.8 0.5048941525893577 1.0137217043370517 0.9238829305468929 1.497064934168824 -0.17835073521263112 0.0 0.3098913947149914 0.0 0.23211110155234302 0.43129888569798597 -0.5484985924791406 0.22488693450942243 0.12376814803659059 0.0 0.1387199866599863 0.0 -0.2517817356361203 0.28163524453941835 -0.13167254467309347 -0.44784249100273943 16.33614221902071 1.061451009018235
 1.5 0.5991042585154874 0.8 0.5048941525893577 0.034917763056209083 0.9498618717360041 1.497064934168824 -0.1871635083554734 0.0 0.545958914591455 0.0 0.3963314113291634 0.2378411863775069 -0.5484985924791406 0.3405641228296996 0.08277339619921992 0.0 0.07771703996406104 0.0 -0.010346565635822425 0.28163524453941835 -0.030287976107888304 -0.27182823870991274 16.193896514041402 0.8076077922702669
 1.5 0.5991042585154874 0.8 0.5048941525893577 0.034917763056209083 0.9498618717360041 1.497064934168824 -0.1871635083554734 0.0 0.545958914591455 0.0 0.3963314113291634 0.2378411863775069 -0.5484985924791406 0.3405641228296996 0.08277339619921992 0.0 0.07771703996406104 0.0 -0.010346565635822425 0.28163524453941835 -0.030287976107888304 -0.27182823870991274 16.193896514041402 0.8076077922702669
 1.5 0.5991042585154874 0.8 0.5048941525893577 0.034917763056209083 0.9498618717360041 1.497064934168824 -0.1871635083554734 0.0 0.545958914591455 0.0 0.3963314113291634 0.2378411863775069 -0.5484985924791406 0.3405641228296996 0.08277339619921992 0.0 0.07771703996406104 0.0 -0.010346565635822425 0.28163524453941835 -0.030287976107888304 -0.27182823870991274 16.193896514041402 0.8076077922702669
 1.5 0.5991042585154874 0.8 0.5048941525893577 0.034917763056209083 0.9498618717360041 1.497064934168824 -0.1871635083554734 0.0 0.545958914591455 0.0 0.3963314113291634 0.2378411863775069 -0.5484985924791406 0.3405641228296996 0.08277339619921992 0.0 0.07771703996406104 0.0 -0.010346565635822425 0.28163524453941835 -0.030287976107888304 -0.27182823870991274 16.193896514041402 0.8076077922702669
 1.5 0.5991042585154874 0.8 0.5048941525893577 0.034917763056209083 0.9498618717360041 1.497064934168824 -0.1871635083554734 0.0 0.545958914591455 0.0 0.3963314113291634 0.2378411863775069 -0.5484985924791406 0.3405641228296996 0.08277339619921992 0.0 0.07771703996406104 0.0 -0.010346565635822425 0.28163524453941835 -0.030287976107888304 -0.27182823870991274 16.193896514041402 0.8076077922702669
 1.5 0.5991042585154874 0.8 0.5048941525893577 0.034917763056209083 0.9498618717360041 1.497064934168824 -0.1871635083554734 0.0 0.545958914591455 0.0 0.3963314113291634 0.2378411863775069 -0.5484985924791406 0.3405641228296996 0.08277339619921992 0.0 0.07771703996406104 0.0 -0.010346565635822425 0.28163524453941835 -0.030287976107888304 -0.27182823870991274 16.193896514041402 0.8076077922702669
 1.5 0.5991042585154874 0.8 0.5048941525893577 0.034917763056209083 0.9498618717360041 1.497064934168824 -0.1871635083554734 0.0 0.545958914591455 0.0 0.3963314113291634 0.2378411863775069 -0.5484985924791406 0.3405641228296996 0.08277339619921992 0.0 0.07771703996406104 0.0 -0.010346565635822425 0.28163524453941835 -0.030287976107888304 -0.27182823870991274 16.193896514041402 0.8076077922702669
 1.5 0.5991042585154874 0.8 0.5048941525893577 0.034917763056209083 0.9498618717360041 1.497064934168824 -0.1871635083554734 0.0 0.545958914591455 0.0 0.3963314113291634 0.2378411863775069 -0.5484985924791406 0.3405641228296996 0.08277339619921992 0.0 0.07771703996406104 0.0 -0.010346565635822425 0.28163524453941835 -0.030287976107888304 -0.27182823870991274 16.193896514041402 0.8076077922702669
 1.5 0.5991042585154874 0.8 0.5048941525893577 0.034917763056209083 0.9498618717360041 1.497064934168824 -0.1871635083554734 0.0 0.545958914591455 0.0 0.3963314113291634 0.2378411863775069 -0.5484985924791406 0.3405641228296996 0.08277339619921992 0.0 0.07771703996406104 0.0 -0.010346565635822425 0.28163524453941835 -0.030287976107888304 -0.27182823870991274 16.193896514041402 0.8076077922702669
 1.5 0.5991042585154874 0.8 0.5048941525893577 0.034917763056209083 0.9498618717360041 1.497064934168824 -0.1871635083554734 0.0 0.545958914591455 0.0 0.3963314113291634 0.2378411863775069 -0.5484985924791406 0.3405641228296996 0.08277339619921992 0.0 0.07771703996406104 0.0 -0.010346565635822425 0.28163524453941835 -0.030287976107888304 -0.27182823870991274 16.193896514041402 0.8076077922702669
 1.5 0.5991042585154874 0.8 0.5048941525893577 0.034917763056209083 0.9498618717360041 1.497064934168824 -0.1871635083554734 0.0 0.545958914591455 0.0 0.3963314113291634 0.2378411863775069 -0.5484985924791406 0.3405641228296996 0.08277339619921992 0.0 0.07771703996406104 0.0 -0.010346565635822425 0.28163524453941835 -0.030287976107888304 -0.27182823870991274 16.193896514041402 0.8076077922702669
 1.5 0.5991042585154874 0.8 0.5048941525893577 0.034917763056209083 0.9498618717360041 1.497064934168824 -0.1871635083554734 0.0 0.545958914591455 0.0 0.3963314113291634 0.2378411863775069 -0.5484985924791406 0.3405641228296996 0.08277339619921992 0.0 0.07771703996406104 0.0 -0.010346565635822425 0.28163524453941835 -0.030287976107888304 -0.27182823870991274 16.193896514041402 0.8076077922702669
 1.5 0.5991042585154874 0.8 0.5048941525893577 0.034917763056209083 0.9498618717360041 1.497064934168824 -0.1871635083554734 0.0 0.545958914591455 0.0 0.3963314113291634 0.2378411863775069 -0.5484985924791406 0.3405641228296996 0.08277339619921992 0.0 0.07771703996406104 0.0 -0.010346565635822425 0.28163524453941835 -0.030287976107888304 -0.27182823870991274 16.193896514041402 0.8076077922702669
 1.5 0.5991042585154874 0.8 0.5048941525893577 0.034917763056209083 0.9498618717360041 1.497064934168824 -0.1871635083554734 0.0 0.545958914591455 0.0 0.3963314113291634 0.2378411863775069 -0.5484985924791406 0.3405641228296996 0.08277339619921992 0.0 0.07771703996406104 0.0 -0.010346565635822425 0.28163524453941835 -0.030287976107888304 -0.27182823870991274 16.193896514041402 0.8076077922702669
 1.5 0.5991042585154874 0.8 0.5048941525893577 0.034917763056209083 0.9498618717360041 1.497064934168824 -0.1871635083554734 0.0 0.545958914591455 0.0 0.3963314113291634 0.2378411863775069 -0.5484985924791406 0.3405641228296996 0.08277339619921992 0.0 0.07771703996406104 0.0 -0.010346565635822425 0.28163524453941835 -0.030287976107888304 -0.27182823870991274 16.193896514041402 0.8076077922702669
 1.5 0.5991042585154874 0.8 0.5048941525893577 0.034917763056209083 0.9498618717360041 1.497064934168824 -0.1871635083554734 0.0 0.545958914591455 0.0 0.3963314113291634 0.2378411863775069 -0.5484985924791406 0.3405641228296996 0.08277339619921992 0.0 0.07771703996406104 0.0 -0.010346565635822425 0.28163524453941835 -0.030287976107888304 -0.27182823870991274 16.193896514041402 0.8076077922702669
 1.5 0.5991042585154874 0.8 0.5048941525893577 0.034917763056209083 0.9498618717360041 1.497064934168824 -0.1871635083554734 0.0 0.545958914591455 0.0 0.3963314113291634 0.2378411863775069 -0.5484985924791406 0.3405641228296996 0.08277339619921992 0.0 0.07771703996406104 0.0 -0.010346565635822425 0.28163524453941835 -0.030287976107888304 -0.27182823870991274 16.193896514041402 0.8076077922702669
 1.5 0.5991042585154874 0.8 0.5048941525893577 0.034917763056209083 0.9498618717360041 1.497064934168824 -0.1871635083554734 0.0 0.545958914591455 0.0 0.3963314113291634 0.2378411863775069 -0.5484985924791406 0.3405641228296996 0.08277339619921992 0.0 0.07771703996406104 0.0 -0.010346565635822425 0.28163524453941835 -0.030287976107888304 -0.27182823870991274 16.193896514041402 0.8076077922702669
 1.5 0.5991042585154874 0.8 0.5048941525893577 0.034917763056209083 0.9498618717360041 1.497064934168824 -0.1871635083554734 0.0 0.545958914591455 0.0 0.3963314113291634 0.2378411863775069 -0.5484985924791406 0.3405641228296996 0.08277339619921992 0.0 0.07771703996406104 0.0 -0.010346565635822425 0.28163524453941835 -0.030287976107888304 -0.27182823870991274 16.193896514041402 0.8076077922702669
 1.5 0.5991042585154874 0.8 0.5048941525893577 0.034917763056209083 0.9498618717360041 1.497064934168824 -0.1871635083554734 0.0 0.545958914591455 0.0 0.3963314113291634 0.2378411863775069 -0.5484985924791406 0.3405641228296996 0.08277339619921992 0.0 0.07771703996406104 0.0 -0.010346565635822425 0.28163524453941835 -0.030287976107888304 -0.27182823870991274 16.193896514041402 0.8076077922702669
 1.5 0.5991042585154874 0.8 0.5048941525893577 0.034917763056209083 0.9498618717360041 1.497064934168824 -0.1871635083554734 0.0 0.545958914591455 0.0 0.3963314113291634 0.2378411863775069 -0.5484985924791406 0.3405641228296996 0.08277339619921992 0.0 0.07771703996406104 0.0 -0.010346565635822425 0.28163524453941835 -0.030287976107888304 -0.27182823870991274 16.193896514041402 0.8076077922702669
 1.5 0.5991042585154874 0.8 0.5048941525893577 0.034917763056209083 0.9498618717360041 1.497064934168824 -0.1871635083554734 0.0 0.545958914591455 0.0 0.3963314113291634 0.2378411863775069 -0.5484985924791406 0.3405641228296996 0.08277339619921992 0.0 0.07771703996406104 0.0 -0.010346565635822425 0.28163524453941835 -0.030287976107888304 -0.27182823870991274 16.193896514041402 0.8076077922702669
